2013
2013
2013
2008
2015
2014
2014
2014
2014
2014
2014
2015
2015
2015
2012
2014
2014
2015
2014
2014
2014
2015
2014
2014
2014
2014
2014
2013
2013
2014
2014
2014
2014
2014
2014
2014
2015
2015
2015
2015
2015
2014
2015
2015
2012
2012
2012
2014
2012
2014
2012
2014
2015
2015
2012
2014
2015
2013
2010
2014
2012
2010
2010
2014
2013
2013
2013
2014
2010
2010
2010
2010
2010
2010
2010
2015
2015
2015
2014
2015
2012
2013
2012
2014
2012
2015
2009
2015
2015
2012
2015
2015
2012
2012
2015
2014
2015
2015
2015
2015
2014
2015
2013
2009
2009
2015
2009
2012
2012
2015
2012
2014
2015
2014
2014
2014
2015
2014
2014
2014
2014
2015
2010
2010
2012
2013
2014
2012
2014
2014
2013
2015
2015
2015
2015
2015
2015
2015
2015
2015
2015
2014
2012
2015
2012
2013
2012
2012
2015
2014
2014
2014
2014
2014
2014
2012
2014
2011
2015
2015
2015
2012
2011
2012
2011
2010
2013
2012
2014
2014
2014
2014
2014
2014
2014
2015
2014
2012
2015
2012
2013
2013
2013
2013
2013
2013
2005
2005
2015
2014
2014
2015
2014
2014
2013
2013
2013
2015
2012
2012
2012
2012
2012
2013
2012
2015
2013
2012
2014
2013
2013
2013
2015
2015
2015
2015
2015
2015
2015
2015
2015
2015
2015
2012
2014
2015
2014
2014
2014
2014
2014